At 2024-10-20 02:39:00, updates per peer were as follows:
  - AS24482: 10.834254143646408 updates
  - AS48362: 10.834254143646408 updates
  - AS23106: 10.834254143646408 updates
  - AS49544: 10.834254143646408 updates
  - AS14907: 10.834254143646408 updates

At 2024-10-20 02:40:00, updates per peer were as follows:
  - AS49544: 14.428571428571429 updates
  - AS14840: 14.428571428571429 updates
  - AS35280: 14.428571428571429 updates
  - AS31027: 14.428571428571429 updates
  - AS51184: 14.428571428571429 updates

At 2024-10-20 02:43:00, updates per peer were as follows:
  - AS34800: 12.447368421052632 updates
  - AS24482: 12.447368421052632 updates
  - AS51184: 12.447368421052632 updates
  - AS14907: 12.447368421052632 updates
  - AS47692: 12.447368421052632 updates

At 2024-10-20 02:46:00, updates per peer were as follows:
  - AS35280: 9.768115942028986 updates
  - AS51184: 9.768115942028986 updates
  - AS47692: 9.768115942028986 updates
  - AS24482: 9.768115942028986 updates
  - AS58057: 9.768115942028986 updates

At 2024-10-20 02:47:00, updates per peer were as follows:
  - AS49544: 18.680628272251308 updates
  - AS14840: 18.680628272251308 updates
  - AS24482: 18.680628272251308 updates
  - AS31027: 18.680628272251308 updates
  - AS14907: 18.680628272251308 updates

At 2024-10-20 02:50:00, updates per peer were as follows:
  - AS6762: 38.856 updates
  - AS6424: 38.856 updates
  - AS9002: 38.856 updates
  - AS3170: 38.856 updates
  - AS199524: 38.856 updates

At 2024-10-20 02:53:00, updates per peer were as follows:
  - AS34800: 11.575 updates
  - AS31027: 11.575 updates
  - AS680: 11.575 updates
  - AS6667: 11.575 updates
  - AS25220: 11.575 updates

At 2024-10-20 02:54:00, updates per peer were as follows:
  - AS49544: 21.45744680851064 updates
  - AS14840: 21.45744680851064 updates
  - AS35280: 21.45744680851064 updates
  - AS211509: 21.45744680851064 updates
  - AS47692: 21.45744680851064 updates

At 2024-10-20 02:57:00, updates per peer were as follows:
  - AS34800: 15.110344827586207 updates
  - AS35598: 15.110344827586207 updates
  - AS49544: 15.110344827586207 updates
  - AS14840: 15.110344827586207 updates
  - AS48362: 15.110344827586207 updates

At 2024-10-20 02:58:00, updates per peer were as follows:
  - AS49544: 24.85185185185185 updates
  - AS14840: 24.85185185185185 updates
  - AS24482: 24.85185185185185 updates
  - AS47692: 24.85185185185185 updates
  - AS6667: 24.85185185185185 updates

At 2024-10-20 03:01:00, updates per peer were as follows:
  - AS25091: 69.77697841726619 updates
  - AS34927: 69.77697841726619 updates
  - AS49544: 69.77697841726619 updates
  - AS24482: 69.77697841726619 updates
  - AS47692: 69.77697841726619 updates

At 2024-10-20 03:04:00, updates per peer were as follows:
  - AS21282: 13.874213836477987 updates
  - AS24482: 13.874213836477987 updates
  - AS14840: 13.874213836477987 updates
  - AS680: 13.874213836477987 updates
  - AS49544: 13.874213836477987 updates

At 2024-10-20 03:05:00, updates per peer were as follows:
  - AS49673: 13.987878787878788 updates
  - AS49544: 13.987878787878788 updates
  - AS51184: 13.987878787878788 updates
  - AS47692: 13.987878787878788 updates
  - AS199524: 13.987878787878788 updates

At 2024-10-20 03:08:00, updates per peer were as follows:
  - AS49544: 23.09036144578313 updates
  - AS263237: 23.09036144578313 updates
  - AS28824: 23.09036144578313 updates
  - AS61573: 23.09036144578313 updates
  - AS23106: 23.09036144578313 updates

At 2024-10-20 03:09:00, updates per peer were as follows:
  - AS49544: 484.3333333333333 updates
  - AS8660: 484.3333333333333 updates
  - AS35426: 484.3333333333333 updates

